function clrs = getColors()

clrs.rhit = [0 0.4470 0.7410];
clrs.lhit = [0.6350 0.0780 0.1840];
clrs.rmiss = [0 154 255]./255;
clrs.lmiss = [255 77 0]./255;



end